0 0 0 0 0 0 0 0 0 0 0
1 0 0 0 0 0 0 0 0 0 0
1 0 0 0 0 0 0 0 0 0 0
2 0 0 0 0 0 0 0 0 0 0
2 0 0 0 0 0 0 0 0 0 0
3 0 0 0 0 0 0 0 0 0 0
3 0 0 0 0 0 0 0 0 0 0
4 0 0 0 0 0 0 0 0 0 0
4 0 0 0 0 0 0 0 0 0 0
5 0 0 0 0 0 0 0 0 0 0
5 0 0 0 0 0 0 0 0 0 0
6 0 0 0 0 0 0 0 0 0 0
6 0 0 0 0 0 0 0 0 0 0
7 0 0 0 0 0 0 0 0 0 0
7 0 0 0 0 0 0 0 0 0 0
8 0 0 0 0 0 0 0 0 0 0
8 0 0 0 0 0 0 0 0 0 0
9 1 0 0 0 0 0 0 0 0 0
9 1 0 0 0 0 0 0 0 0 0
10 2 0 0 0 0 0 0 0 0 0
10 2 0 0 0 0 0 0 0 0 0
11 3 0 0 0 0 0 0 0 0 0
11 3 0 0 0 0 0 0 0 0 0
12 4 0 0 0 0 0 0 0 0 0
12 4 0 0 0 0 0 0 0 0 0
13 5 0 0 0 0 0 0 0 0 0
13 5 0 0 0 0 0 0 0 0 0
14 6 0 0 0 0 0 0 0 0 0
15 7 0 0 0 0 0 0 0 0 0
16 8 0 0 0 0 0 0 0 0 0
17 9 1 0 0 0 0 0 0 0 0
18 10 2 0 0 0 0 0 0 0 0
20 11 3 0 0 0 0 0 0 0 0
21 12 4 0 0 0 0 0 0 0 0
22 13 5 0 0 0 0 0 0 0 0
23 14 6 0 0 0 0 0 0 0 0
24 15 7 0 0 0 0 0 0 0 0
26 16 8 0 0 0 0 0 0 0 0
27 17 9 1 0 0 0 0 0 0 0
28 18 10 2 0 0 0 0 0 0 0
29 20 11 3 0 0 0 0 0 0 0
30 21 12 4 0 0 0 0 0 0 0
32 22 13 5 0 0 0 0 0 0 0
33 23 14 6 0 0 0 0 0 0 0
34 24 15 7 0 0 0 0 0 0 0
35 26 16 8 0 0 0 0 0 0 0
36 27 17 9 1 0 0 0 0 0 0
38 28 18 10 2 0 0 0 0 0 0
39 29 20 11 3 0 0 0 0 0 0
40 30 21 12 4 0 0 0 0 0 0
41 32 22 13 5 0 0 0 0 0 0
42 33 23 14 6 0 0 0 0 0 0
44 34 24 15 7 0 0 0 0 0 0
45 35 26 16 8 0 0 0 0 0 0
46 36 27 17 9 1 0 0 0 0 0
47 38 28 18 10 2 0 0 0 0 0
48 39 29 20 11 3 0 0 0 0 0
50 40 30 21 12 4 0 0 0 0 0
51 41 32 22 13 5 0 0 0 0 0
52 42 33 23 14 6 0 0 0 0 0
53 44 34 24 15 7 0 0 0 0 0
54 45 35 26 16 8 1 0 0 0 0
56 46 36 27 17 9 2 0 0 0 0
57 47 38 28 18 10 3 0 0 0 0
58 48 39 29 20 11 4 0 0 0 0
59 50 40 30 21 12 5 0 0 0 0
60 51 41 32 22 13 6 0 0 0 0
62 52 42 33 23 14 7 0 0 0 0
63 53 44 34 24 15 8 0 0 0 0
64 54 45 35 26 16 9 1 0 0 0
65 56 46 36 27 17 10 2 0 0 0
66 57 47 38 28 19 11 3 0 0 0
68 58 48 39 29 20 12 4 0 0 0
69 59 50 40 30 21 13 5 0 0 0
70 60 51 41 32 22 14 6 0 0 0
71 62 52 42 33 23 15 7 0 0 0
72 63 53 44 34 25 16 8 0 0 0
74 64 54 45 35 26 17 9 1 0 0
75 65 56 46 36 27 18 10 2 0 0
76 66 57 47 38 28 19 11 3 0 0
77 68 58 48 39 29 20 12 4 0 0
78 69 59 50 40 31 21 13 5 0 0
80 70 60 51 41 32 22 14 6 0 0
81 71 62 52 42 33 23 15 7 0 0
82 72 63 53 44 34 25 16 8 0 0
83 74 64 54 45 35 26 17 9 1 0
84 75 65 56 46 37 27 18 10 2 0
86 76 66 57 47 38 28 19 11 3 0
88 77 68 58 48 39 29 20 12 4 0
90 78 69 59 50 40 31 21 13 5 0
92 80 70 60 51 41 32 22 14 6 0
94 81 71 62 52 43 33 23 15 7 0
97 82 72 63 53 44 34 25 16 8 0
99 83 74 64 54 45 35 26 17 9 1
101 84 75 65 56 46 37 27 18 10 2
103 86 76 66 57 47 38 28 19 11 3
105 88 77 68 58 49 39 29 20 12 4
108 90 78 69 59 50 40 31 21 13 5
110 92 80 70 60 51 41 32 22 14 6
112 94 81 71 62 52 43 33 23 15 7
114 97 82 72 63 53 44 34 25 16 8
116 99 83 74 64 55 45 35 26 17 9
119 101 84 75 65 56 46 37 27 18 10
121 103 86 76 66 57 47 38 28 19 11
123 105 88 77 68 58 49 39 29 20 12
125 108 90 78 69 59 50 40 31 21 13
127 110 92 80 70 61 51 41 32 22 14
130 112 94 81 71 62 52 43 33 23 15
132 114 97 82 72 63 53 44 34 25 16
134 116 99 83 74 64 55 45 35 26 17
136 119 101 84 75 65 56 46 37 27 18
138 121 103 86 76 67 57 47 38 28 19
141 123 105 88 77 68 58 49 39 29 20
143 125 108 90 78 69 59 50 40 31 21
145 127 110 92 80 70 61 51 41 32 22
147 130 112 94 81 71 62 52 43 33 23
149 132 114 97 82 73 63 53 44 34 25
152 134 116 99 83 74 64 55 45 35 26
154 136 119 101 84 75 65 56 46 37 27
156 138 121 103 86 76 67 57 47 38 28
158 141 123 105 88 77 68 58 49 39 29
160 143 125 108 90 79 69 59 50 40 31
163 145 127 110 92 80 70 61 51 41 32
165 147 130 112 95 81 71 62 52 43 33
167 149 132 114 97 82 73 63 53 44 34
169 152 134 116 99 83 74 64 55 45 35
171 154 136 119 101 85 75 65 56 46 37
174 156 138 121 103 86 76 67 57 47 38
176 158 141 123 106 88 77 68 58 49 39
178 160 143 125 108 90 79 69 59 50 40
180 163 145 127 110 92 80 70 61 51 41
182 165 147 130 112 95 81 71 62 52 43
185 167 149 132 114 97 82 73 63 53 44
187 169 152 134 117 99 83 74 64 55 45
189 171 154 136 119 101 85 75 65 56 46