0 0 0 0 0 0 0 0 0 0 0
1 0 0 0 0 0 0 0 0 0 0
2 0 0 0 0 0 0 0 0 0 0
3 0 0 0 0 0 0 0 0 0 0
4 0 0 0 0 0 0 0 0 0 0
5 0 0 0 0 0 0 0 0 0 0
6 0 0 0 0 0 0 0 0 0 0
7 0 0 0 0 0 0 0 0 0 0
8 0 0 0 0 0 0 0 0 0 0
9 1 0 0 0 0 0 0 0 0 0
10 2 0 0 0 0 0 0 0 0 0
11 3 0 0 0 0 0 0 0 0 0
12 4 0 0 0 0 0 0 0 0 0
13 5 0 0 0 0 0 0 0 0 0
14 6 0 0 0 0 0 0 0 0 0
15 7 0 0 0 0 0 0 0 0 0
16 8 0 0 0 0 0 0 0 0 0
17 9 1 0 0 0 0 0 0 0 0
18 10 2 0 0 0 0 0 0 0 0
19 11 3 0 0 0 0 0 0 0 0
20 12 4 0 0 0 0 0 0 0 0
21 13 5 0 0 0 0 0 0 0 0
22 14 6 0 0 0 0 0 0 0 0
23 15 7 0 0 0 0 0 0 0 0
24 16 8 0 0 0 0 0 0 0 0
25 17 9 1 0 0 0 0 0 0 0
26 18 10 2 0 0 0 0 0 0 0
27 19 11 3 0 0 0 0 0 0 0
28 20 12 4 0 0 0 0 0 0 0
29 21 13 5 0 0 0 0 0 0 0
30 22 14 6 0 0 0 0 0 0 0
31 23 15 7 0 0 0 0 0 0 0
32 24 16 8 0 0 0 0 0 0 0
33 25 17 9 1 0 0 0 0 0 0
34 26 18 10 2 0 0 0 0 0 0
35 27 19 11 3 0 0 0 0 0 0
36 28 20 12 4 0 0 0 0 0 0
37 29 21 13 5 0 0 0 0 0 0
38 30 22 14 6 0 0 0 0 0 0
39 31 23 15 7 0 0 0 0 0 0
40 32 24 16 8 0 0 0 0 0 0
42 33 25 17 9 1 0 0 0 0 0
43 34 26 18 10 2 0 0 0 0 0
44 35 27 19 11 3 0 0 0 0 0
45 36 28 20 12 4 0 0 0 0 0
46 37 29 21 13 5 0 0 0 0 0
48 38 30 22 14 6 0 0 0 0 0
49 39 31 23 15 7 0 0 0 0 0
50 40 32 24 16 8 0 0 0 0 0
51 42 33 25 17 9 1 0 0 0 0
52 43 34 26 18 10 2 0 0 0 0
54 44 35 27 19 11 3 0 0 0 0
55 45 36 28 20 12 4 0 0 0 0
56 46 37 29 21 13 5 0 0 0 0
57 48 38 30 22 14 6 0 0 0 0
58 49 39 31 23 15 7 0 0 0 0
60 50 40 32 24 16 8 0 0 0 0
61 51 42 33 25 17 9 1 0 0 0
62 52 43 34 26 18 10 2 0 0 0
63 54 44 35 27 19 11 3 0 0 0
64 55 45 36 28 20 12 4 0 0 0
66 56 46 37 29 21 13 5 0 0 0
67 57 48 38 30 22 14 6 0 0 0
68 58 49 39 31 23 15 7 0 0 0
69 60 50 40 32 24 16 8 0 0 0
70 61 51 42 33 25 17 9 1 0 0
72 62 52 43 34 26 18 10 2 0 0
73 63 54 44 35 27 19 11 3 0 0
74 64 55 45 36 28 20 12 4 0 0
75 66 56 46 37 29 21 13 5 0 0
76 67 57 48 38 30 22 14 6 0 0
78 68 58 49 39 31 23 15 7 0 0
79 69 60 50 41 32 24 16 8 0 0
80 70 61 51 42 33 25 17 9 1 0
81 72 62 52 43 34 26 18 10 2 0
82 73 63 54 44 35 27 19 11 3 0
84 74 64 55 45 36 28 20 12 4 0
85 75 66 56 47 37 29 21 13 5 0
86 76 67 57 48 38 30 22 14 6 0
87 78 68 58 49 39 31 23 15 7 0
88 79 69 60 50 41 32 24 16 8 0
90 80 70 61 51 42 33 25 17 9 1
91 81 72 62 53 43 34 26 18 10 2
92 82 73 63 54 44 35 27 19 11 3
93 84 74 64 55 45 36 28 20 12 4
94 85 75 66 56 47 37 29 21 13 5
96 86 76 67 57 48 38 30 22 14 6
97 87 78 68 59 49 39 31 23 15 7
98 88 79 69 60 50 41 32 24 16 8
99 90 80 70 61 51 42 33 25 17 9
100 91 81 72 62 53 43 34 26 18 10
102 92 82 73 63 54 44 35 27 19 11
103 93 84 74 65 55 45 36 28 20 12
104 94 85 75 66 56 47 37 29 21 13
105 96 86 76 67 57 48 38 30 22 14
106 97 87 78 68 59 49 39 31 23 15
108 98 88 79 69 60 50 41 32 24 16
109 99 90 80 71 61 51 42 33 25 17
110 100 91 81 72 62 53 43 34 26 18
111 102 92 82 73 63 54 44 35 27 19
112 103 93 84 74 65 55 45 36 28 20
114 104 94 85 75 66 56 47 37 29 21
115 105 96 86 77 67 57 48 38 30 22
116 106 97 87 78 68 59 49 39 31 23
117 108 98 88 79 69 60 50 41 32 24
118 109 99 90 80 71 61 51 42 33 25
120 110 100 91 81 72 62 53 43 34 26
121 111 102 92 83 73 63 54 44 35 27
122 112 103 93 84 74 65 55 45 36 28
123 114 104 94 85 75 66 56 47 37 29
124 115 105 96 86 77 67 57 48 38 30
126 116 106 97 87 78 68 59 49 39 31
127 117 108 98 89 79 69 60 50 41 32
128 118 109 99 90 80 71 61 51 42 33
129 120 110 100 91 81 72 62 53 43 34
130 121 111 102 92 83 73 63 54 44 35
132 122 112 103 93 84 74 65 55 45 36
133 123 114 104 95 85 75 66 56 47 37
134 124 115 105 96 86 77 67 57 48 38
135 126 116 106 97 87 78 68 59 49 39
136 127 117 108 98 89 79 69 60 50 41
138 128 118 109 99 90 80 71 61 51 42
139 129 120 110 101 91 81 72 62 53 43
140 130 121 111 102 92 83 73 63 54 44
141 132 122 112 103 93 84 74 65 55 45
142 133 123 114 104 95 85 75 66 56 47
144 134 124 115 105 96 86 77 67 57 48
145 135 126 116 107 97 87 78 68 59 49
146 136 127 117 108 98 89 79 69 60 50
147 138 128 118 109 99 90 80 71 61 51
148 139 129 120 110 101 91 81 72 62 53
150 140 130 121 111 102 92 83 73 63 54
151 141 132 122 113 103 93 84 74 65 55
152 142 133 123 114 104 95 85 75 66 56
153 144 134 124 115 105 96 86 77 67 57
154 145 135 126 116 107 97 87 78 68 59